frame 0
1 1
[[0.]]
frame 10
1 1
[[103.94229168]]
frame 20
2 1
[[88.141931 ]
 [16.1245155]]
frame 30
2 1
[[71.69379332]
 [98.97979592]]
frame 40
2 1
[[14.03566885]
 [82.73451517]]
frame 50
2 1
[[17.20465053]
 [62.39390996]]
frame 60
2 2
[[ 19.84943324 755.34958794]
 [ 49.72926704 691.12372264]]
frame 70
3 7
[[  21.40093456 1045.0937757   510.3430219  1110.27248908  859.0838143
   554.96666567  961.80299438]
 [  35.35533906  993.00805636  457.39479665 1057.32918242  804.17473226
   502.41019098  909.60266051]
 [ 728.580126    317.72000252  240.24362635  369.38868418  153.68799563
   361.80796011  476.82281825]]
frame 80
9 1
[[  22.02271555]
 [  23.53720459]
 [1281.32743668]
 [1018.0314337 ]
 [ 482.23334601]
 [1082.10997593]
 [ 827.31493399]
 [ 520.21630117]
 [ 927.00053937]]